1.000000000 0.000000000 0.000000000 0.000000000 0.000000000 1.000000000 0.000000000 0.000000000 0.000000000 0.000000000 1.000000000 0.000000000
0.999991059 -0.002406855 -0.003475150 -0.001934051 0.002398894 0.999994516 -0.002293192 -0.002902993 0.003480650 0.002284835 0.999991357 0.670187116
0.999971628 -0.001138302 -0.007442296 -0.014728955 0.001111653 0.999992967 -0.003583819 -0.010599910 0.007446324 0.003575444 0.999965906 1.357041001
0.999935448 -0.001627311 -0.011245738 -0.026411440 0.001571663 0.999986470 -0.004955478 -0.013937744 0.011253650 0.004937484 0.999924481 2.065469980
0.999869406 -0.000210423 -0.016160721 -0.043027870 0.000118718 0.999983907 -0.005675284 -0.015949732 0.016161656 0.005672624 0.999853313 2.795873404
0.999793589 -0.000889577 -0.020296264 -0.065494552 0.000769908 0.999982297 -0.005903162 -0.025800131 0.020301156 0.005886317 0.999776602 3.532351494
0.999692738 0.000534318 -0.024780778 -0.093321592 -0.000708840 0.999975026 -0.007034404 -0.033823695 0.024776399 0.007049809 0.999668181 4.290211201
0.999552846 0.003203258 -0.029729735 -0.124498926 -0.003436254 0.999963760 -0.007789359 -0.039288644 0.029703707 0.007888035 0.999527633 5.057936668
0.999415934 0.003638465 -0.033978112 -0.157151312 -0.003841589 0.999975145 -0.005914721 -0.052326769 0.033955749 0.006041796 0.999405086 5.852177620
0.999254465 0.002906348 -0.038498230 -0.191203356 -0.003034054 0.999990106 -0.003259178 -0.057746444 0.038488377 0.003373554 0.999253333 6.650683880
0.999136746 0.002381620 -0.041473556 -0.235785991 -0.002403880 0.999997020 -0.000486877 -0.066993140 0.041472271 0.000586155 0.999139488 7.459103107
0.999006450 0.003843735 -0.044399921 -0.270953059 -0.003908135 0.999991417 -0.001363752 -0.075679086 0.044394299 0.001535918 0.999012887 8.276726723
0.998918474 0.003437337 -0.046368767 -0.317675769 -0.003518488 0.999992430 -0.001668630 -0.080430798 0.046362679 0.001829974 0.998923004 9.093891144
0.998832345 0.000998473 -0.048300743 -0.358135581 -0.001117629 0.999996424 -0.002440008 -0.084913805 0.048298132 0.002491142 0.998829842 9.926480293
0.998726547 0.000203334 -0.050450806 -0.394654572 -0.000276298 0.999998927 -0.001439255 -0.093576409 0.050450459 0.001451362 0.998725533 10.772366524
0.998649776 -0.001284970 -0.051932737 -0.441389561 0.001186471 0.999997437 -0.001927438 -0.099610463 0.051935080 0.001863219 0.998648703 11.621053696
0.998557985 0.001073492 -0.053673368 -0.495910972 -0.001297845 0.999990582 -0.004145291 -0.110043146 0.053668410 0.004208973 0.998549938 12.478486061
0.998481452 0.001293993 -0.055074099 -0.544217110 -0.001658178 0.999977052 -0.006567449 -0.122007310 0.055064339 0.006648798 0.998460650 13.349703789
0.998378515 0.005064315 -0.056698747 -0.606173396 -0.005527776 0.999952555 -0.008020248 -0.135276437 0.056655440 0.008320661 0.998359144 14.221477509
0.998310268 0.006363760 -0.057759345 -0.661937952 -0.006822165 0.999946773 -0.007742757 -0.146570846 0.057706997 0.008123717 0.998300493 15.113951683
0.998230278 0.005653392 -0.059197605 -0.714294791 -0.006034999 0.999962151 -0.006269527 -0.161457673 0.059159920 0.006615689 0.998226583 16.002033234
0.998160958 0.006357136 -0.060285334 -0.777211726 -0.006676081 0.999964774 -0.005090646 -0.170407772 0.060250845 0.005483754 0.998168230 16.895845413
0.998096704 0.006028539 -0.061373156 -0.835911572 -0.006347951 0.999967277 -0.005010780 -0.185500830 0.061340939 0.005390836 0.998102307 17.805570602
0.997976661 0.005916694 -0.063305169 -0.890501618 -0.006287753 0.999964178 -0.005663815 -0.199366942 0.063269392 0.006050402 0.997978151 18.707689285
0.997926950 0.004457689 -0.064202487 -0.952938616 -0.004869408 0.999968588 -0.006257768 -0.212875932 0.064172573 0.006557424 0.997917295 19.619071960
0.997878730 0.004216246 -0.064963758 -1.007646918 -0.004531393 0.999978662 -0.004704548 -0.223898634 0.064942539 0.004988944 0.997876525 20.536434174
0.997872531 0.005561959 -0.064957201 -1.071035504 -0.005666024 0.999982953 -0.001417940 -0.235026509 0.064948209 0.001782973 0.997887015 21.464696884
0.997923732 0.006675588 -0.064060003 -1.132736802 -0.006532871 0.999975681 0.002437072 -0.245857462 0.064074717 -0.002013517 0.997943044 22.395137787
0.998024762 0.005718722 -0.062560804 -1.194250703 -0.005396075 0.999971271 0.005325081 -0.253478318 0.062589459 -0.004976980 0.998026967 23.332334518
0.998131216 0.005459655 -0.060862783 -1.256003857 -0.005085189 0.999967217 0.006305828 -0.263360709 0.060895216 -0.005984545 0.998126209 24.270931244
0.998225093 0.005791252 -0.059271898 -1.319690824 -0.005599365 0.999978542 0.003402966 -0.267649382 0.059290335 -0.003065041 0.998236060 25.210063934
0.998264074 0.006246903 -0.058564812 -1.381226182 -0.006344148 0.999978781 -0.001474694 -0.273960054 0.058554355 0.001843678 0.998282492 26.153837204
0.998334467 0.005881660 -0.057390988 -1.431594849 -0.006137427 0.999971986 -0.004281334 -0.283346385 0.057364199 0.004626437 0.998342574 27.104499817
0.998387814 0.003062522 -0.056677911 -1.487217188 -0.003262715 0.999988735 -0.003439927 -0.290974677 0.056666739 0.003619305 0.998386562 28.065034866
0.998394370 0.001444959 -0.056626901 -1.548604131 -0.001353806 0.999997735 0.001648039 -0.305184066 0.056629151 -0.001568731 0.998394072 29.040716171
0.998331964 -0.002120359 -0.057695244 -1.593779802 0.002418904 0.999984026 0.005105172 -0.316747427 0.057683498 -0.005236216 0.998321176 30.006347656
0.998228848 -0.009134270 -0.058785159 -1.646039486 0.009410848 0.999945879 0.004429744 -0.323343635 0.058741517 -0.004975116 0.998260856 30.978916168
0.998113513 -0.011816231 -0.060247350 -1.697892785 0.011870534 0.999929368 0.000543496 -0.329340011 0.060236674 -0.001257639 0.998183310 31.948560715
0.998037398 -0.011338585 -0.061585259 -1.762227178 0.011133644 0.999931276 -0.003669915 -0.334569424 0.061622638 0.002977044 0.998095095 32.925662994
0.997898877 -0.009635312 -0.064069793 -1.822500467 0.009361097 0.999945700 -0.004578764 -0.347150207 0.064110436 0.003969380 0.997934937 33.915016174
0.997876108 -0.009991493 -0.064369932 -1.893046737 0.009838684 0.999947965 -0.002690479 -0.364569455 0.064393468 0.002051450 0.997922480 34.896526337
0.997824490 -0.007106867 -0.065542497 -1.969083309 0.007132045 0.999974549 0.000150178 -0.376449704 0.065539762 -0.000617303 0.997849762 35.888721466
0.997726738 -0.006871117 -0.067038089 -2.031421423 0.006980717 0.999974668 0.001400779 -0.387534767 0.067026764 -0.001865568 0.997749448 36.886753082
0.997669041 -0.005806153 -0.067991093 -2.103677750 0.006095756 0.999973238 0.004052738 -0.396392703 0.067965738 -0.004457748 0.997677684 37.866580963
0.997679949 -0.005763329 -0.067834184 -2.170488834 0.006264413 0.999954641 0.007176503 -0.409012318 0.067789741 -0.007584795 0.997670770 38.871181488
0.997650504 0.000229103 -0.068508372 -2.243722916 0.000430533 0.999953687 0.009613623 -0.417415679 0.068507403 -0.009620531 0.997604191 39.849712372
0.997655392 0.000821741 -0.068432488 -2.322439671 -0.000224205 0.999961793 0.008738982 -0.423453152 0.068437055 -0.008703149 0.997617483 40.834770203
0.997645140 0.000297827 -0.068586528 -2.387106895 0.000191991 0.999974549 0.007134910 -0.423093200 0.068586901 -0.007131276 0.997619629 41.839397430
0.997645617 0.002660183 -0.068528831 -2.465057135 -0.002331481 0.999985397 0.004876089 -0.429510653 0.068540804 -0.004704835 0.997637212 42.827182770
0.997597218 0.002265388 -0.069243088 -2.543114662 -0.001920477 0.999985397 0.005047323 -0.438304126 0.069253512 -0.004902216 0.997587025 43.808288574
0.997496605 0.000184504 -0.070714369 -2.605164766 0.000236392 0.999982297 0.005943651 -0.442234159 0.070714213 -0.005945488 0.997478902 44.802330017
0.997441769 0.000695881 -0.071480185 -2.680407763 -0.000195114 0.999975383 0.007012428 -0.451700836 0.071483299 -0.006980542 0.997417390 45.790737152
0.997441053 0.003542718 -0.071405597 -2.767221451 -0.003302027 0.999988437 0.003488518 -0.465150297 0.071417138 -0.003243808 0.997441292 46.763710022
0.997372031 0.004367546 -0.072318323 -2.851455212 -0.004436215 0.999989867 -0.000788944 -0.473325044 0.072314143 0.001107690 0.997381270 47.739444733
0.997297704 0.004267602 -0.073342249 -2.901704550 -0.004423153 0.999988317 -0.001958596 -0.476827085 0.073333032 0.002277707 0.997304916 48.698265076
0.997308850 0.003161509 -0.073246211 -2.978549480 -0.003038930 0.999993801 0.001784911 -0.492114156 0.073251404 -0.001557517 0.997312307 49.679237366
0.997335136 0.001054580 -0.072948650 -3.059857368 -0.000711942 0.999988616 0.004722808 -0.501336038 0.072952799 -0.004658287 0.997324526 50.640331268
0.997274399 -0.000875604 -0.073776878 -3.119698048 0.001275909 0.999984741 0.005378940 -0.510101914 0.073771037 -0.005458411 0.997260273 51.599384308
0.997260988 -0.003979628 -0.073855467 -3.192662716 0.004290677 0.999982595 0.004053399 -0.519052207 0.073838048 -0.004359187 0.997260690 52.549438477
0.997239351 -0.006534961 -0.073966265 -3.267731190 0.006765328 0.999972999 0.002864362 -0.529467702 0.073945545 -0.003356860 0.997256637 53.498653412
0.997105539 -0.008397726 -0.075564831 -3.323075056 0.008754764 0.999952018 0.004394898 -0.545582473 0.075524300 -0.005043729 0.997131228 54.456314087
0.997002184 -0.011255674 -0.076550595 -3.396389961 0.011927241 0.999894261 0.008321311 -0.549989641 0.076448835 -0.009209403 0.997030973 55.411045074
0.996946871 -0.011865793 -0.077176072 -3.469129086 0.012934212 0.999827087 0.013358817 -0.552417755 0.077004217 -0.014316243 0.996927977 56.355953217
0.996887326 -0.011094171 -0.078054741 -3.539129734 0.012353969 0.999800801 0.015675601 -0.556740224 0.077865288 -0.016591093 0.996825814 57.307086945
0.996779144 -0.009707003 -0.079606049 -3.615389585 0.010635770 0.999880135 0.011251337 -0.554058671 0.079487294 -0.012061769 0.996762931 58.235794067
0.996730268 -0.008477299 -0.080354899 -3.705532074 0.008814311 0.999953806 0.003840245 -0.561354816 0.080318630 -0.004535961 0.996758938 59.150680542
0.996656120 -0.006154353 -0.081478439 -3.787502289 0.006066319 0.999980748 -0.001327960 -0.568041563 0.081485040 0.000829246 0.996674240 60.079566956
0.996596396 -0.001820461 -0.082415760 -3.863620758 0.001824574 0.999998331 -0.000025406 -0.580274284 0.082415663 -0.000125054 0.996598005 60.979991913
0.996493220 0.001271930 -0.083664134 -3.947669744 -0.001094901 0.999997079 0.002161786 -0.594421685 0.083666638 -0.002062601 0.996491671 61.874198914
0.996393621 0.003689043 -0.084771372 -4.026224136 -0.003384350 0.999987304 0.003737723 -0.609247804 0.084784083 -0.003437347 0.996393442 62.748382568
0.996306956 0.004298557 -0.085755549 -4.103240013 -0.004012061 0.999985754 0.003512914 -0.619122803 0.085769430 -0.003155884 0.996309996 63.608089447
0.996156454 0.005982856 -0.087387256 -4.182822704 -0.005641151 0.999975443 0.004156675 -0.627858639 0.087409973 -0.003647734 0.996165752 64.458267212
0.996041954 0.007029286 -0.088605635 -4.266619682 -0.006614527 0.999965727 0.004973706 -0.643913388 0.088637561 -0.004367935 0.996054351 65.304885864
0.995905995 0.006717571 -0.090144768 -4.337680817 -0.006260553 0.999966085 0.005351615 -0.649788737 0.090177663 -0.004765349 0.995914280 66.116638184
0.995805979 0.006613618 -0.091250978 -4.414326191 -0.006059782 0.999961495 0.006345095 -0.656151652 0.091289431 -0.005765522 0.995807707 66.923088074
0.995640337 0.009335397 -0.092806868 -4.493650913 -0.008519853 0.999921560 0.009179875 -0.665799975 0.092885286 -0.008349153 0.995641828 67.726837158
0.995504200 0.010935489 -0.094084233 -4.571222782 -0.009730572 0.999864817 0.013256053 -0.671685100 0.094216473 -0.012280963 0.995476007 68.509933472
0.995318413 0.013620444 -0.095685877 -4.659241676 -0.012238540 0.999812365 0.015014178 -0.676401436 0.095872425 -0.013772832 0.995298326 69.297477722
0.995151877 0.016951794 -0.096878238 -4.739425659 -0.015969658 0.999813020 0.010904286 -0.682717502 0.097044975 -0.009304308 0.995236516 70.030815125
0.995016873 0.017103259 -0.098228663 -4.816023827 -0.016842661 0.999852061 0.003481636 -0.689902365 0.098273680 -0.001809855 0.995157778 70.752792358
0.994877815 0.016023885 -0.099806711 -4.885085106 -0.016316945 0.999864638 -0.002120594 -0.700091243 0.099759214 0.003738273 0.995004594 71.460990906
0.994825482 0.016660936 -0.100223258 -4.957603455 -0.017071050 0.999849021 -0.003235725 -0.707065821 0.100154221 0.004929898 0.994959712 72.147789001
0.994710863 0.019440208 -0.100858361 -5.040647984 -0.019501891 0.999809742 0.000374439 -0.720306695 0.100846447 0.001594470 0.994900703 72.832160950
0.994588971 0.020074151 -0.101930194 -5.117198467 -0.019913772 0.999798357 0.002590847 -0.735039592 0.101961643 -0.000547014 0.994788170 73.484748840
0.994530499 0.016761342 -0.103092931 -5.176934719 -0.016912397 0.999856830 -0.000591250 -0.748493373 0.103068255 0.002331565 0.994671583 74.110145569
0.994614005 0.008189633 -0.103324361 -5.227195263 -0.008826277 0.999944746 -0.005705906 -0.761987209 0.103271924 0.006587143 0.994631350 74.728584290
0.994738460 0.004210063 -0.102360703 -5.281525135 -0.005335037 0.999928296 -0.010719011 -0.768145919 0.102308236 0.011208710 0.994689584 75.320915222
0.995052159 0.006495432 -0.099141426 -5.344448566 -0.007627416 0.999909937 -0.011043106 -0.779892504 0.099060766 0.011744659 0.995012045 75.902610779
0.995401800 0.011685039 -0.095072225 -5.405514717 -0.012487954 0.999891162 -0.007854708 -0.794600189 0.094970092 0.009005847 0.995439410 76.464706421
0.995844424 0.010373578 -0.090478167 -5.452413559 -0.010827945 0.999931097 -0.004532413 -0.811792433 0.090424910 0.005493271 0.995888114 77.023834229
0.996382535 0.006831278 -0.084706210 -5.489717007 -0.006896069 0.999976099 -0.000472307 -0.822208405 0.084700957 0.001054738 0.996405840 77.566764832
0.997071743 0.002178747 -0.076440439 -5.521236420 -0.001952927 0.999993503 0.003028831 -0.834111512 0.076446548 -0.002870679 0.997069538 78.096641541
0.997820258 0.005830703 -0.065732352 -5.556446075 -0.005648104 0.999979675 0.002963421 -0.845582068 0.065748289 -0.002585698 0.997832894 78.606628418
0.998650253 0.011115056 -0.050736256 -5.578634262 -0.011011013 0.999936640 0.002329710 -0.850338697 0.050758936 -0.001767908 0.998709381 79.108993530
0.999338925 0.016316328 -0.032487445 -5.596975327 -0.016236791 0.999864519 0.002710551 -0.852142811 0.032527268 -0.002181268 0.999468446 79.598281860
0.999833941 0.014828971 -0.010590327 -5.582141876 -0.014794663 0.999885082 0.003310625 -0.858909130 0.010638203 -0.003153395 0.999938428 80.085998535
0.999812305 0.011288176 0.015747244 -5.555369854 -0.011355135 0.999926865 0.004169167 -0.867281437 -0.015699029 -0.004347196 0.999867320 80.549461365
0.998920381 0.009937505 0.045379478 -5.514949799 -0.010205105 0.999931872 0.005669073 -0.875710726 -0.045320049 -0.006126055 0.998953760 80.997985840
0.996867299 0.009538353 0.078515165 -5.460778713 -0.010162803 0.999919772 0.007557490 -0.886708200 -0.078436784 -0.008331749 0.996884286 81.434547424
0.993216157 0.009630308 0.115883216 -5.382981777 -0.010587331 0.999914706 0.007645819 -0.887132168 -0.115799703 -0.008820846 0.993233442 81.877105713
0.987399220 0.009615782 0.157956824 -5.294934273 -0.010949107 0.999911368 0.007573019 -0.890358090 -0.157869995 -0.009207079 0.987416983 82.307083130
0.979162216 0.009156483 0.202873081 -5.176511288 -0.010916198 0.999911845 0.007556709 -0.898847461 -0.202785999 -0.009613845 0.979175866 82.722885132
0.967816055 0.011566715 0.251392812 -5.042563438 -0.013373183 0.999895573 0.005478572 -0.906070411 -0.251303196 -0.008664172 0.967869639 83.114006042
0.952363312 0.012879300 0.304693788 -4.900849342 -0.014383106 0.999892950 0.002691298 -0.915197492 -0.304626495 -0.006945536 0.952446580 83.473159790
0.932612240 0.012983131 0.360646367 -4.722325802 -0.014072760 0.999900877 0.000395356 -0.919198990 -0.360605508 -0.005444003 0.932702541 83.842201233
0.908402681 0.013799706 0.417868584 -4.521226883 -0.014527941 0.999893427 -0.001438288 -0.925022542 -0.417843878 -0.004764225 0.908506393 84.194694519
0.879594922 0.013988276 0.475517720 -4.302240849 -0.013848055 0.999896884 -0.003798291 -0.927668452 -0.475521833 -0.003244038 0.879697919 84.514610291
0.846276939 0.012393779 0.532599032 -4.060947895 -0.011256638 0.999922156 -0.005382250 -0.942410469 -0.532624304 -0.001440400 0.846350551 84.817779541
0.809503794 0.012927881 0.586972296 -3.797438622 -0.010494824 0.999916434 -0.007549252 -0.941760659 -0.587020874 -0.000049022 0.809571803 85.109687805
0.769504547 0.010743993 0.638550937 -3.529639244 -0.008529874 0.999942183 -0.006545437 -0.953802943 -0.638584316 -0.000410016 0.769551754 85.374832153
0.726522326 0.010504058 0.687062621 -3.238834381 -0.010076252 0.999938488 -0.004632460 -0.959428191 -0.687068999 -0.003557430 0.726583481 85.629470825
0.681317687 0.009529885 0.731925845 -2.933795929 -0.008943679 0.999948978 -0.004694344 -0.963720739 -0.731933236 -0.003347769 0.681368172 85.854888916
0.634697437 0.008224777 0.772717059 -2.612510681 -0.006063089 0.999965608 -0.005663480 -0.975061238 -0.772737026 -0.001090455 0.634725451 86.061065674
0.587994218 0.005504991 0.808846414 -2.275947571 0.000129228 0.999976218 -0.006899759 -0.979063451 -0.808865130 0.004161544 0.587979496 86.243919373
0.541549325 0.007869162 0.840632141 -1.935810089 -0.002181779 0.999965966 -0.007955148 -0.989241958 -0.840666115 0.002474032 0.541548133 86.415008545
0.494935513 0.011055646 0.868859410 -1.596172333 -0.004989041 0.999938726 -0.009881593 -0.989343643 -0.868915439 0.000555976 0.494960308 86.565093994
0.448093772 0.013105237 0.893890500 -1.275939941 -0.007095911 0.999913216 -0.011102553 -1.007055163 -0.893958390 -0.001367983 0.448147893 86.704139709
0.405355990 0.010693112 0.914096355 -0.921905518 0.000120933 0.999930978 -0.011750834 -1.012538791 -0.914158940 0.004873816 0.405326724 86.818130493
0.366266310 0.002459774 0.930506945 -0.551036835 0.015490212 0.999841809 -0.008740322 -1.021293640 -0.930381238 0.017615031 0.366170228 86.902229309
0.330372095 -0.000571424 0.943850696 -0.185665131 0.019370429 0.999793291 -0.006174861 -1.021319032 -0.943652034 0.020322792 0.330314875 86.998016357
0.297402382 0.003707642 0.954745114 0.181144714 0.016611433 0.999821007 -0.009057139 -1.028792620 -0.954607785 0.018553296 0.297287524 87.091819763
0.266453862 0.011132724 0.963783383 0.547569275 0.006234658 0.999892473 -0.013273497 -1.041964650 -0.963827491 0.009545634 0.266355753 87.192527771
0.238173842 0.015536917 0.971098423 0.930061340 0.001503481 0.999864936 -0.016365914 -1.058856845 -0.971221507 0.005357962 0.238118291 87.273468018
0.212723494 0.017096657 0.976962864 1.317832947 0.002733734 0.999832571 -0.018092114 -1.074574471 -0.977108598 0.006519374 0.212641180 87.333892822
0.188679695 0.018465083 0.981865168 1.729583740 0.009963387 0.999735773 -0.020715771 -1.085710883 -0.981988192 0.013691348 0.188445866 87.395950317
0.168880999 0.024240572 0.985338271 2.138641357 0.017032754 0.999476492 -0.027507698 -1.090260744 -0.985489249 0.021428552 0.168379724 87.430892944
0.149411440 0.031568788 0.988270998 2.557762146 0.020051161 0.999187946 -0.034948938 -1.082779646 -0.988571763 0.025037751 0.148657084 87.482528687
0.131720066 0.032160498 0.990765154 2.995574951 0.017931888 0.999232709 -0.034819365 -1.096593380 -0.991124809 0.022352701 0.131042302 87.536560059
0.116255939 0.027898420 0.992827475 3.456718445 0.016023505 0.999422669 -0.029960034 -1.119984150 -0.993090153 0.019391609 0.115741789 87.587036133
0.101658106 0.024773067 0.994510829 3.931999207 0.016204095 0.999516010 -0.026554113 -1.140241861 -0.994687378 0.018814588 0.101207495 87.632575989
0.088479102 0.022219261 0.995830297 4.415237427 0.018490629 0.999542236 -0.023944974 -1.157272816 -0.995906472 0.020532157 0.088027775 87.662017822
0.076918423 0.021426171 0.996807158 4.910865784 0.022056717 0.999487817 -0.023185795 -1.172846675 -0.996793389 0.023769708 0.076406479 87.686325073
0.066616416 0.022185730 0.997532070 5.421966553 0.025400357 0.999391079 -0.023923349 -1.188795805 -0.997455418 0.026931359 0.066012323 87.715660095
0.058841288 0.022728723 0.998008609 5.975280762 0.027774125 0.999316454 -0.024396036 -1.199926734 -0.997880936 0.029154310 0.058169782 87.741622925
0.053429842 0.023111427 0.998304307 6.523666382 0.029442405 0.999261022 -0.024709363 -1.215357304 -0.998137653 0.030712698 0.052709937 87.764694214
0.047604859 0.024017027 0.998577476 7.087333679 0.030600505 0.999206603 -0.025490969 -1.234136105 -0.998397410 0.031770471 0.046832204 87.790428162
0.041692674 0.024829945 0.998821914 7.677635193 0.031118860 0.999173880 -0.026137654 -1.249042869 -0.998645782 0.032171950 0.040885508 87.814666748
0.037288785 0.024802852 0.998996794 8.278671265 0.033801027 0.999088585 -0.026066806 -1.265705109 -0.998732865 0.034739118 0.036416471 87.831024170
0.034394562 0.024950368 0.999096811 8.900215149 0.035089158 0.999041796 -0.026156960 -1.283505797 -0.998792171 0.035957120 0.033486128 87.849746704
0.031317592 0.024452239 0.999210358 9.539428711 0.035988893 0.999024868 -0.025575679 -1.302765608 -0.998861372 0.036761444 0.030407071 87.868156433
0.028959215 0.023746211 0.999298453 10.193550110 0.038355827 0.998955131 -0.024849588 -1.323388100 -0.998844445 0.039048545 0.028018177 87.881393433
0.028351247 0.023433955 0.999323368 10.869163513 0.042961568 0.998772860 -0.024639888 -1.342986703 -0.998674452 0.043631066 0.027309716 87.894065857
0.029280961 0.022879560 0.999309361 11.554824829 0.046443831 0.998627126 -0.024224801 -1.365485191 -0.998491704 0.047121082 0.028178096 87.912925720
0.031680822 0.022919314 0.999235213 12.260650635 0.047870584 0.998554945 -0.024421452 -1.384476423 -0.998350978 0.048607662 0.030537844 87.930831909
0.035453200 0.022867141 0.999109805 12.984474182 0.050634783 0.998413026 -0.024647966 -1.405207157 -0.998087883 0.051463552 0.034239054 87.957611084
0.040110886 0.022352917 0.998945296 13.722557068 0.051084053 0.998396456 -0.024391832 -1.426408291 -0.997888625 0.052008543 0.038904667 87.985504150
0.044043958 0.020750158 0.998814106 14.481391907 0.052369848 0.998361707 -0.023050077 -1.447062373 -0.997656047 0.053322960 0.042885125 88.017791748
0.047749698 0.019216528 0.998674512 15.245140076 0.051934946 0.998414814 -0.021694703 -1.467496991 -0.997508347 0.052902021 0.046675980 88.062400818
0.052119434 0.016884914 0.998498201 16.028533936 0.049211927 0.998598874 -0.019455379 -1.493983626 -0.997427702 0.050152022 0.051215470 88.109863281
0.055800140 0.015914125 0.998315156 16.829177856 0.048152640 0.998666584 -0.018611187 -1.512143850 -0.997280121 0.049110018 0.054959416 88.164093018
0.059875369 0.017014882 0.998060882 17.631309509 0.045257460 0.998780251 -0.019742223 -1.532180071 -0.997179389 0.046351776 0.059032321 88.221405029
0.062790811 0.020949218 0.997806847 18.434093475 0.043116745 0.998789310 -0.023683131 -1.562332153 -0.997094929 0.044509262 0.061811507 88.280357361
0.064459682 0.026213063 0.997575939 19.249183655 0.037379686 0.998889983 -0.028662929 -1.587946892 -0.997219920 0.039136678 0.063408315 88.339141846
0.064170897 0.029448977 0.997504354 20.053310394 0.034519516 0.998900831 -0.031710893 -1.613395810 -0.997341752 0.036468282 0.063083768 88.395942688
0.064473391 0.029071134 0.997495890 20.879169464 0.032372013 0.998988569 -0.031207012 -1.644958735 -0.997394264 0.034302972 0.063467085 88.456573486
0.064194977 0.027382603 0.997561693 21.703857422 0.029453045 0.999136031 -0.029321181 -1.679212809 -0.997502685 0.031263500 0.063333035 88.524024963
0.063738465 0.026137829 0.997624278 22.521556854 0.030240085 0.999147296 -0.028109778 -1.711755037 -0.997508407 0.031959917 0.062893689 88.582771301
0.063882709 0.025195066 0.997639477 23.342727661 0.028055061 0.999240816 -0.027031988 -1.750689745 -0.997563183 0.029715713 0.063127339 88.650337219
0.064187765 0.025617685 0.997608960 24.156940460 0.026027258 0.999287426 -0.027335424 -1.783902168 -0.997598350 0.027719626 0.063475311 88.703269958
0.064260483 0.025852839 0.997598350 24.969982147 0.023134572 0.999357104 -0.027388640 -1.822213292 -0.997665048 0.024839019 0.063621044 88.762985229
0.062693775 0.027339652 0.997658253 25.772815704 0.019881465 0.999392152 -0.028636537 -1.855628252 -0.997834742 0.021630241 0.062112153 88.824684143
0.060461223 0.027131183 0.997801721 26.598014832 0.017370010 0.999450564 -0.028228540 -1.885452151 -0.998019397 0.019038560 0.059956729 88.871109009
0.056724966 0.025961164 0.998052359 27.407142639 0.014798003 0.999530196 -0.026840666 -1.916970968 -0.998280287 0.016291721 0.056314170 88.921768188
0.051270545 0.023615418 0.998405635 28.216464996 0.012830561 0.999622285 -0.024303081 -1.948159695 -0.998602450 0.014056137 0.050948143 88.975250244
0.045795798 0.021581518 0.998717725 29.039169312 0.010744141 0.999698162 -0.022095373 -1.976302862 -0.998893082 0.011742241 0.045550108 89.007514954
0.038325429 0.021822710 0.999027073 29.844432831 0.010529759 0.999697149 -0.022241302 -2.005155087 -0.999209881 0.011371923 0.038084030 89.040496826
0.029729366 0.022662057 0.999301136 30.649726868 0.010262357 0.999683321 -0.022976033 -2.036113024 -0.999505401 0.010938249 0.029487371 89.063835144
0.019613504 0.023094213 0.999541044 31.450588226 0.011030419 0.999667346 -0.023313580 -2.064364672 -0.999746978 0.011482619 0.019352257 89.077949524
0.009449899 0.022397606 0.999704599 32.249122620 0.012677932 0.999666095 -0.022516590 -2.088383436 -0.999875069 0.012886969 0.009162784 89.082092285
-0.001559854 0.021459481 0.999768496 33.043838501 0.010871700 0.999710977 -0.021441286 -2.119805336 -0.999939680 0.010835742 -0.001792669 89.085311890
-0.012579799 0.020475710 0.999711156 33.837146759 0.013214553 0.999706388 -0.020309327 -2.147520781 -0.999833524 0.012955249 -0.012846708 89.071266174
-0.023461103 0.020797789 0.999508440 34.619331360 0.013295490 0.999701679 -0.020489730 -2.175269604 -0.999636352 0.012808243 -0.023730636 89.050407410
-0.034664750 0.021716010 0.999163151 35.389919281 0.013319510 0.999685168 -0.021265255 -2.198814869 -0.999310315 0.012571210 -0.034943104 89.024238586
-0.044807315 0.022613633 0.998739779 36.167060852 0.013279177 0.999668896 -0.022038918 -2.229341984 -0.998907506 0.012274936 -0.045092821 88.976776123
-0.055502772 0.023839433 0.998174012 36.933864594 0.013651243 0.999639571 -0.023115374 -2.252226830 -0.998365343 0.012343353 -0.055808187 88.937103271
-0.064934015 0.024217676 0.997595727 37.691085815 0.015078311 0.999615133 -0.023285246 -2.285466194 -0.997775674 0.013530052 -0.065274239 88.882873535
-0.074647069 0.024752900 0.996902764 38.457622528 0.015240423 0.999603450 -0.023678770 -2.315098763 -0.997093558 0.013425668 -0.074994683 88.832290649
-0.084082365 0.025159698 0.996141136 39.200656891 0.015923280 0.999587476 -0.023902688 -2.342654705 -0.996331632 0.013852040 -0.084448338 88.771530151
-0.092659593 0.024624033 0.995393455 39.931976318 0.017152229 0.999585271 -0.023131061 -2.369403124 -0.995550215 0.014929904 -0.093043566 88.699356079
-0.100292683 0.023470724 0.994681239 40.663719177 0.018923255 0.999585867 -0.021678450 -2.397821903 -0.994778156 0.016648417 -0.100695372 88.628356934
-0.105074525 0.021962544 0.994221866 41.398700714 0.021990729 0.999562979 -0.019756436 -2.425292969 -0.994221210 0.019787764 -0.105511546 88.537452698
-0.108571053 0.020382535 0.993879735 42.098957062 0.025396075 0.999520361 -0.017723955 -2.449085951 -0.993764281 0.023316337 -0.109036684 88.446472168
-0.111312628 0.019183772 0.993600368 42.816539764 0.026690217 0.999510705 -0.016307795 -2.475978374 -0.993427098 0.024704145 -0.111770153 88.371719360
-0.113324165 0.018290719 0.993389726 43.497821808 0.026830601 0.999522269 -0.015342847 -2.498448610 -0.993195772 0.024914529 -0.113760710 88.298507690
-0.113901973 0.018577665 0.993318319 44.170841217 0.027084135 0.999511600 -0.015587809 -2.525269508 -0.993122756 0.025127683 -0.114349604 88.217529297
-0.112704277 0.019667255 0.993434072 44.824966431 0.027863359 0.999473453 -0.016625749 -2.544694901 -0.993238032 0.025806617 -0.113192916 88.141189575
-0.109572172 0.021652540 0.993743062 45.451206207 0.029459251 0.999394238 -0.018527439 -2.558884859 -0.993542254 0.027244834 -0.110143661 88.069091797
-0.104859352 0.021646721 0.994251549 46.071102142 0.028478609 0.999418437 -0.018755704 -2.590676308 -0.994079351 0.026348192 -0.105414867 88.013092041
-0.096731901 0.022463102 0.995056987 46.665328979 0.028151222 0.999407053 -0.019824656 -2.609898806 -0.994912326 0.026094392 -0.097306967 87.959869385
-0.086024642 0.022179106 0.996046185 47.239315033 0.026279284 0.999454856 -0.019985372 -2.636762619 -0.995946467 0.024456147 -0.086560607 87.923477173
-0.072102904 0.022365471 0.997146547 47.809322357 0.025331849 0.999467134 -0.020585798 -2.662367344 -0.997075558 0.023775270 -0.072631001 87.889556885
-0.055312991 0.023768991 0.998186111 48.348690033 0.024955567 0.999437213 -0.022415908 -2.687290907 -0.998157144 0.023670411 -0.055875063 87.877426147
-0.034052491 0.026376437 0.999072134 48.884654999 0.022767279 0.999412715 -0.025609436 -2.707912683 -0.999160886 0.021874087 -0.034633040 87.876770020
-0.009490132 0.029137174 0.999530494 49.399566650 0.020541536 0.999370158 -0.028937472 -2.736674070 -0.999744058 0.020257272 -0.010082603 87.892532349
0.018696427 0.031066585 0.999342561 49.929641724 0.019134045 0.999323010 -0.031423956 -2.756833076 -0.999642253 0.019708982 0.018089354 87.923622131
0.052251339 0.030387182 0.998171687 50.422626495 0.016359195 0.999376774 -0.031280231 -2.783119440 -0.998500109 0.017963719 0.051721692 87.962860107
0.090543211 0.027574928 0.995510697 50.921176910 0.015689103 0.999453068 -0.029111076 -2.809121609 -0.995768905 0.018254481 0.090061069 88.022232056
0.132607222 0.024072938 0.990876377 51.424049377 0.013812598 0.999563038 -0.026132496 -2.827484608 -0.991072476 0.017151935 0.132216752 88.115341187
0.177865624 0.019804856 0.983855486 51.895408630 0.010881054 0.999696732 -0.022090863 -2.848069668 -0.983994603 0.014634591 0.177596211 88.228729248
0.226605535 0.016906679 0.973839939 52.392768860 0.006955287 0.999795735 -0.018975740 -2.860984325 -0.973961830 0.011073345 0.226441681 88.371078491
0.278697908 0.015262826 0.960257590 52.853302002 0.003101270 0.999854207 -0.016792286 -2.880521536 -0.960373878 0.007657994 0.278609931 88.532348633
0.333295584 0.014312324 0.942713737 53.301109314 0.001748809 0.999873638 -0.015798418 -2.908068180 -0.942820728 0.006914170 0.333228469 88.718185425
0.391952813 0.015224971 0.919859350 53.740516663 0.003763872 0.999828160 -0.018152356 -2.917543888 -0.919977665 0.010577100 0.391828179 88.929183960
0.451375365 0.019155357 0.892128646 54.154525757 0.003973808 0.999716520 -0.023475997 -2.930229664 -0.892325401 0.014141636 0.451171279 89.181015015
0.509708762 0.021527624 0.860077620 54.535224915 0.005464125 0.999585748 -0.028257703 -2.957647085 -0.860329628 0.019102771 0.509379983 89.457969666
0.568307638 0.025796773 0.822411716 54.904777527 0.001579982 0.999472380 -0.032442480 -2.968931198 -0.822814643 0.019736705 0.567966998 89.753868103
0.624451756 0.028809028 0.780531943 55.239059448 -0.002444891 0.999386728 -0.034930855 -2.982521057 -0.781059563 0.019904321 0.624139309 90.070877075
0.678124905 0.029430505 0.734357178 55.567310333 -0.004795093 0.999353826 -0.035622742 -3.007313728 -0.734931052 0.020635359 0.677827835 90.409683228
0.724479795 0.027734658 0.688737929 55.800865173 -0.004148248 0.999347508 -0.035879020 -3.010906935 -0.689283609 0.023136567 0.724122107 90.755767822
0.770232797 0.025460327 0.637254417 56.071887970 -0.007105798 0.999483407 -0.031343926 -3.020164967 -0.637723267 0.019613920 0.770015836 91.140312195
0.811884165 0.020848738 0.583446205 56.315212250 -0.008181091 0.999670327 -0.024337752 -3.032158375 -0.583761215 0.014986210 0.811787128 91.539543152
0.848270357 0.019953398 0.529187381 56.541419983 -0.011786564 0.999753714 -0.018802967 -3.033880472 -0.529432237 0.009712699 0.848296642 91.975479126
0.879141927 0.015757125 0.476299495 56.733711243 -0.011872571 0.999867201 -0.011163893 -3.043064117 -0.476412147 0.004159747 0.879212260 92.419036865
0.904530525 0.014949172 0.426146716 56.871509552 -0.014365507 0.999886274 -0.004583944 -3.073617935 -0.426166773 -0.001975497 0.904642463 92.830345154
0.924700320 0.017007491 0.380315721 57.009464264 -0.017973233 0.999837935 -0.001012003 -3.084863424 -0.380271286 -0.005899703 0.924856186 93.276718140
0.939949989 0.023041710 0.340533644 57.126022339 -0.025078708 0.999684215 0.001580742 -3.089330435 -0.340389699 -0.010025961 0.940231025 93.733917236
0.951716244 0.027277658 0.305764794 57.232543945 -0.028999064 0.999578834 0.001088128 -3.097756863 -0.305606335 -0.009902482 0.952106476 94.177398682
0.960968196 0.029836001 0.275045395 57.339775085 -0.031403422 0.999505937 0.001295896 -3.099622250 -0.274870843 -0.009882681 0.961430371 94.640510559
0.967010617 0.024316004 0.253572941 57.445835114 -0.025479304 0.999674499 0.001304039 -3.100558281 -0.253458709 -0.007721880 0.967315376 95.110954285
0.971035659 0.021099446 0.238001138 57.554664612 -0.022267725 0.999749601 0.002220968 -3.112420321 -0.237894684 -0.007456383 0.971262336 95.596023560
0.973808527 0.025531346 0.225931525 57.646080017 -0.026692752 0.999641478 0.002086637 -3.118987560 -0.225797251 -0.008062719 0.974140942 96.087112427
0.976121962 0.029723981 0.215179920 57.754810333 -0.031006703 0.999515831 0.002587292 -3.115682125 -0.214998826 -0.009197532 0.976571023 96.582321167
0.977257848 0.037237622 0.208759382 57.852748871 -0.038305312 0.999265492 0.001072495 -3.115473032 -0.208566114 -0.009044697 0.977966428 97.096084595
0.977639019 0.043279864 0.205788359 57.947662354 -0.043680914 0.999042153 -0.002596080 -3.117012978 -0.205703601 -0.006450995 0.978593051 97.614219666
0.977593124 0.044307802 0.205787569 58.042697906 -0.044154994 0.999010444 -0.005337240 -3.120835543 -0.205820411 -0.003868899 0.978582144 98.153480530
0.977064908 0.043272600 0.208498597 58.157539368 -0.042315755 0.999063313 -0.009049584 -3.133081913 -0.208694890 0.000019256 0.977980793 98.708625793
0.976461589 0.041427389 0.211675420 58.290618896 -0.039130993 0.999121070 -0.015028026 -3.143208265 -0.212111950 0.006391221 0.977224469 99.238441467
0.975543916 0.041730978 0.215806887 58.413768768 -0.038359374 0.999068022 -0.019790066 -3.148563623 -0.216431618 0.011027863 0.976235509 99.795150757
0.974260449 0.046927329 0.220486835 58.531753540 -0.043753050 0.998856664 -0.019261060 -3.163516521 -0.221138626 0.009118317 0.975199759 100.379989624
0.972854614 0.049934912 0.225965485 58.663761139 -0.047731016 0.998744428 -0.015209734 -3.178841352 -0.226441264 0.004011299 0.974016547 100.963157654
0.971917689 0.046799622 0.230620354 58.811145782 -0.045565389 0.998904288 -0.010677877 -3.189280510 -0.230867386 -0.000130288 0.972985208 101.573722839
0.971193731 0.042558946 0.234459937 58.963260651 -0.042562440 0.999081075 -0.005047612 -3.201447010 -0.234459311 -0.005076977 0.972112656 102.188400269
0.970394075 0.040153164 0.238166124 59.119346619 -0.041237283 0.999149263 -0.000430747 -3.209336996 -0.237980813 -0.009403328 0.971224308 102.813751221
0.969813526 0.035102375 0.241308078 59.279083252 -0.036237452 0.999343157 0.000266281 -3.217839241 -0.241140231 -0.009002632 0.970448554 103.444198608
0.969899058 0.031746142 0.241429001 59.446964264 -0.031948116 0.999484777 -0.003078911 -3.224909306 -0.241402358 -0.004726968 0.970413625 104.092201233
0.970077336 0.031098720 0.240796357 59.612632751 -0.029570037 0.999513090 -0.009960097 -3.235596180 -0.240988851 0.002541707 0.970524549 104.742561340
0.970132113 0.033469640 0.240257204 59.766593933 -0.030386072 0.999401569 -0.016528569 -3.246833324 -0.240666628 0.008734423 0.970568538 105.402236938
0.970720530 0.036115780 0.237481192 59.924419403 -0.032157432 0.999272108 -0.020522106 -3.255506754 -0.238049507 0.012284446 0.971175313 106.080467224
0.971334100 0.034842931 0.235151023 60.089160919 -0.031976003 0.999360621 -0.015995137 -3.267920017 -0.235558003 0.008017435 0.971827209 106.767227173
0.971804082 0.030708758 0.233781546 60.260131836 -0.029558690 0.999527574 -0.008422373 -3.282029152 -0.233929738 0.001274620 0.972252667 107.476318359
0.972400427 0.030910347 0.231261671 60.427471161 -0.031122489 0.999511838 -0.002731690 -3.296239853 -0.231233224 -0.004541143 0.972887754 108.200691223
0.972714484 0.034311026 0.229454413 60.594894409 -0.034513842 0.999399304 -0.003130468 -3.309484959 -0.229424000 -0.004874302 0.973314404 108.920036316
0.972988725 0.040389668 0.227292016 60.755500793 -0.039618496 0.999183178 -0.007955971 -3.314566135 -0.227427706 -0.001263899 0.973794162 109.651069641
0.973873317 0.041230790 0.223317727 60.920207977 -0.039258994 0.999141037 -0.013264002 -3.324038267 -0.223672792 0.004150228 0.974655449 110.391456604
0.974784434 0.039658267 0.219596282 61.086269379 -0.037049882 0.999185562 -0.015985332 -3.341084480 -0.220051378 0.007446237 0.975459874 111.151435852
0.975729942 0.037573073 0.215729833 61.255863190 -0.035319645 0.999273837 -0.014292668 -3.357377291 -0.216110200 0.006326283 0.976348460 111.922691345
0.976601422 0.034036830 0.212346807 61.424724579 -0.032114796 0.999406099 -0.012494932 -3.370434046 -0.212645978 0.005383095 0.977114499 112.705688477
0.976990044 0.032832999 0.210742652 61.589187622 -0.031546459 0.999457479 -0.009464672 -3.389697790 -0.210939065 0.002598707 0.977495790 113.490058899
0.977349401 0.029754991 0.209530056 61.758766174 -0.028877616 0.999556661 -0.007246119 -3.399415016 -0.209652781 0.001031262 0.977775335 114.288558960
0.977503955 0.025063239 0.209422678 61.925506592 -0.024315244 0.999685466 -0.006145983 -3.411430597 -0.209510833 0.000915559 0.977805912 115.075622559
0.977710485 0.025641099 0.208386064 62.107902527 -0.025261205 0.999670804 -0.004484536 -3.424159765 -0.208432451 -0.000879505 0.978036344 115.888717651
0.977456748 0.031142548 0.208826318 62.267856598 -0.030501815 0.999514937 -0.006288660 -3.438038349 -0.208920866 -0.000222687 0.977932513 116.698326111
0.977175951 0.036773350 0.209224612 62.434738159 -0.035470035 0.999320924 -0.009979298 -3.443750381 -0.209449500 0.002330328 0.977816701 117.513656616
0.976615489 0.045364425 0.210152999 62.598228455 -0.043939736 0.998968601 -0.011446003 -3.458088636 -0.210455492 0.001944277 0.977601528 118.341224670
0.975681245 0.051149767 0.213142723 62.760795593 -0.049949028 0.998690963 -0.011018352 -3.474274635 -0.213427305 0.000104129 0.976958930 119.167541504
0.974902391 0.053697452 0.216059878 62.937583923 -0.053020887 0.998553455 -0.008930787 -3.494148493 -0.216226891 -0.002749040 0.976339281 120.018157959
0.974309742 0.054036375 0.218633458 63.117694855 -0.053186312 0.998536766 -0.009776018 -3.509911060 -0.218841806 -0.002103437 0.975758076 120.857788086
0.973967254 0.052533362 0.220517665 63.302566528 -0.050976280 0.998618484 -0.012749824 -3.523041964 -0.220882803 0.001176741 0.975299656 121.685287476
0.973982930 0.046471931 0.221805453 63.497241974 -0.045053363 0.998918891 -0.011453669 -3.542199135 -0.222097933 0.001162596 0.975023687 122.533065796
0.974248886 0.039971679 0.221904010 63.697559357 -0.038076904 0.999192655 -0.012811970 -3.568617821 -0.222236976 0.004032630 0.974984348 123.367744446
0.973999381 0.039078679 0.223154798 63.889595032 -0.037156913 0.999227405 -0.012805794 -3.587779045 -0.223482832 0.004181092 0.974698901 124.203140259
0.973461747 0.041415483 0.225070968 64.077011108 -0.040215537 0.999141812 -0.009915336 -3.605815411 -0.225288466 0.000600851 0.974291921 125.046997070
0.973013401 0.043509822 0.226609424 64.261566162 -0.043717697 0.999035478 -0.004103770 -3.623344421 -0.226569414 -0.005913818 0.973977089 125.893417358
0.972593963 0.047459077 0.227615058 64.447830200 -0.048681617 0.998814344 -0.000243220 -3.640113115 -0.227356717 -0.010844112 0.973751187 126.738090515
0.972398758 0.046797864 0.228583962 64.638977051 -0.046528619 0.998895347 -0.006570006 -3.661044598 -0.228638917 -0.004247029 0.973502040 127.576606750
0.972716272 0.042142287 0.228138193 64.830947876 -0.038409702 0.999046028 -0.020778380 -3.680119991 -0.228796199 0.011448750 0.973407030 128.359954834
